20200
655370
320150
1026420
485000
22670
346560
1097880
290870
575760
434030
810740
677880
793990
955490
552350
42500
1095380
1158910
262150
231330
1056520
897820
658970
552520
718350
433450
464230
1135380
1144900
306350
1128520
12140
541570
1119070
870000
768060
372890
1022840
652160
968580
368080
817370
457140
863490
396640
726020
424060
514870
548290
695420
587490
546050
301700
730310
242530
420270
435790
926310
788020
856730
7940
741770
110630
572330
567150
700880
717980
778900
907460
703120
328710
845290
739720
873970
962950
778120
1187910
763350
761910
975470
372770
462580
926870
848720
519140
821260
748490
545000
544220
338190
551680
964920
1085570
906050
351910
513480
403070
811440
491010
681290
350530
872340
523680
439460
296650
418270
390220
549860
612380
350480
220900
539090
908500
809890
570770
448500
854160
897010
553260
453130
3010
686440
521710
108200
614150
304970
878520
340630
704310
619150
392030
605850
441670
962150
50990
648510
1071070
538700
726870
1065750
714780
1204930
416340
242610
302610
922520
1099400
503060
847490
201010
837610
205690
632240
109500
539290
489100
740450
448670
542740
687980
612120
701100
1126970
286750
388080
925360
482300
16130
411530
237430
485120
528670
417540
465070
448010
782630
1162170
818070
944590
958090
607040
299380
342260
888010
538950
293520
502940
1038680
291690
653210
267360
499910
12460
410320
757600
336670
733420
542260
369560
394850
953900
299480
750960
523210
950400
848460
735650
1048100
345700
65600
674250
439250
940350
868060
598590
620050
211208
454330
763230
959710
1140060
974930
1017480
1165280
818390
562640
360840
1007890
1093880
368730
1041300
318260
886360
696760
780210
451600
1109350
781240
929570
841830
1165460
485980
679400
1121310
429480
1005050
529040
694070
587580
294440
364980
269250
633660
508650
358700
656740
1076100
630900
883160
783840
1138580
416090
595360
404530
1137650
461550
1049690
612840
791370
622460
883130
913570
351490
378360
1059660
820830
668290
646100
575800
634120
316260
604040
762850
437530
311120
410670
516940
511110
465750
1053660
605490
448960
1129660
292180
1095140
973410
1094250
536660
362920
1113940
915760
416840
529130
836440
796580
691680
399670
584170
559210
227160
816490
336230
1029160
975710
800510
1094010
34282
40800
371450
42920
959540
1167650
939250
305490
488360
682280
648070
791320
1012390
738030
764630
962070
690610
905510
539750
1059370
661700
486940
778860
876850
482390
676320
946360
513330
1034120
736430
699510
1100180
959000
731180
376410
723110
788040
699080
1068120
1061420
363180
843620
618570
110600
773530
404730
945490
301260
510710
1091350
813360
846220
223750
291170
236490
1002510
346940
40420
288790
434970
283620
1152410
350970
308560
418650
1064920
1088040
1128420
313740
960820
237760
1022480
532080
407420
391280
471770
461830
990840
889280
869840
438490
656070
406930
855010
312540
1028340
368570
270880
959410
913440
959050
991230
589220
993750
1208040
408920
394960
747110
733990
704760
528460
12670
765860
45750
850710
821860
577850
1008000
1006920
1011310
536950
994200
1148680
460630
562050
613880
371710
38160
703000
536430
742990
1000040
380990
377010
612440
327980
266330
654710
873250
868570
635900
590600
870010
457690
371120
910460
760520
226780
251990
1137770
543240
764180
854190
1123730
837780
11370
898260
426930
499540
598620
606230
894090
828740
454680
449040
219830
1192500
1155230
720030
1086140
415920
240340
987710
951050
680250
781520
211200
612590
700170
798590
718740
481950
113420
714880
328550
429430
454540
829260
1108020
781760
988070
533960
22380
529780
753090
499230
1136240
450390
1050910
403100
1021260
837720
463150
514700
910540
514920
550600
1173870
826170
643900
598030
352950
385800
1125800
700520
1154210
388010
681760
842770
697930
859610
644670
710920
1131750
907190
860590
1124810
566250
747230
951440
491060
216210
867540
464340
1147970
912790
17100
554290
485630
302750
708630
1156200
581100
789700
1061090
500940
1112340
391210
420070
484390
494720
1201770
503620
550200
1102060
856270
701970
490890
908010
1060560
458730
549080
613420
356190
775940
392000
915770
299020
1001980
300300
471550
733430
441640
1150070
993370
843130
642830
707010
769340
580720
889790
749920
797450
712000
745660
421040
289340
525050
1026940
365960
735060
1143780
683790
1035030
729950
223330
708260
386070
755580
795640
489720
378410
686910
388660
248710
21680
765880
305960
744420
659560
227480
653190
594410
570590
4000
231060
1050210
918740
1143390
628580
1167530
727460
1530
1170290
996080
1072140
1008320
1035410
1069710
353540
749800
951110
915430
841680
916510
933660
464000
944330
1113680
396820
839180
71250
585910
470220
681730
1173120
516840
755920
501020
1018380
418290
1093330
589590
1069500
1036910
356670
444180
758150
1158320
338760
495030
1036000
278440
666010
332360
448830
1016890
38140
688680
1129200
730010
770370
795310
11040
1013670
607120
601550
265590
495140
393660
461340
768630
1126430
572350
473450
378750
1177300
388750
340450
1149090
335790
302790
527230
958230
680930
800390
1103770
1032270
1148080
805870
1081710
999890
279070
1001010
511740
431740
260040
270030
296770
849680
34272
1122310
513960
726620
388440
623180
779450
462620
940070
922880
461730
619000
266490
94200
793000
1069820
745650
913250
817640
536890
765030
1146940
577940
371900
319320
422760
756190
754270
408000
841980
708250
423610
899970
623080
586230
575030
821640
497590
498450
315130
589780
757870
490230
628890
941410
885640
1037090
393320
512420
871100
279260
705060
31290
716920
1139130
382180
678850
1162440
1146910
1068860
780760
766680
1097160
1182670
485660
204300
775860
688420
874640
323020
973690
552330
1136900
814380
388540
671260
6120
1024570
774131
410390
818050
509420
611020
933900
660280
251470
893570
204120
458370
960940
527350
877190
912260
444430
513930
822680
464020
357690
660830
951450
462770
421060
332830
761600
1014560
758250
844140
356520
463250
661190
548760
483820
1134200
515700
726600
1028520
1107920
720380
312210
1057720
290440
399880
501620
851650
389470
376150
461780
830520
1042030
273820
670490
745090
1160800
622700
324310
657320
828250
653100
932940
1129080
1084520
1020470
1067110
265810
581200
772610
915730
670240
766250
1057850
302010
577740
992210
214970
264690
885320
776390
897440
826390
949820
445840
1083490
874130
557700
28000
979260
783450
338540
563170
1042170
844620
1127390
566170
847810
1193930
340830
1096330
742120
665350
704690
820170
489610
815860
463010
473140
586620
441680
528900
933450
782160
943030
665650
994030
965730
1003890
622480
704350
1006680
80300
700050
312560
809200
742230
581320
260570
850450
72900
272620
17470
34286
487160
465130
23490
1098040
682530
993220
645260
491800
249610
733550
1155910
1092510
279500
395250
857130
756530
746240
276730
372820
314770
400660
722890
1188590
549900
1081350
1094320
940650
745890
623880
281580
200980
409390
805260
737670
628130
497710
1005930
740090
493080
359870
553430
551060
811850
856760
15500
571180
1018810
542050
243060
504810
361330
1169030
747810
822510
425460
770020
282620
789610
394970
650980
705870
950130
99410
980440
836080
840160
586080
501440
637110
612930
495520
320330
889240
